-1912233572
1422651760
-37934915
-2098786661
-1580006779
-2017505894
-262978850
-533735551
1088710437
972734312
-1022607557
1417788135
1748628046
855288694
1788746107
418749967
-2109485698
1615538379
137116160
1021622863
1351295055
-675572418
-1262519172
-2040765932
-1750168781
504138773
2082442186
144347690
-6350497
120857326
46507771
-269757639
-1754931705
1622053090
-846322770
-2134429806
462008524
-1525701658
1448034724
-1030930133
-1280328334
-1939101579
-1949228142
18586600
2122898134
-1653299349
-1492385479
-71952356
1305009438
1234378292
1347348147
-1076117170
906254130
1494193445
1715639568
1538616639
-1826324630
-573261783
-1411295199
-1842856149
1357392775
-777529953
-1699355245
-629761201
1390680039
1513088899
1363188030
1258180267
-538710540
939625163
1669571263
-1303711991
-860832291
-1737979629
1521219651
1872738109
-1856446583
-1307715461
701899430
1955357613
1969254087
-1121765936
1447769788
-531311853
33609417
-693388055
713265133
-2077528191
286335186
-1240784045
-100524026
1085973413
848820782
846952752
1240754254
41541710
228828515
-173829029
-55545896
1594816046
-1844229467
1334217168
1441483543
-1295726623
-1145021554
-2136549045
-1743255369
-1775462355
-1288831474
1874734894
-234350678
-1718650741
-540036449
991223975
-1545373056
707369958
324512189
1754433041
1830837243
612471202
395345045
1163089819
260495586
-339104545
1347239164
-735825881
-1496902891
2019171326
-1137307486
604068468
-1108024863
53900387
-924398713
450006142
-39996523
444184188
1010318765
1600173348
1801614421
-1632629246
-320591858
-1373077493
-129462739
-1948921217
1665076432
1098298306
1385322089
1713867791
1858227894
745131558
-64979933
-1821966230
-1445702695
1548124936
-1134343140
16092193
568565656
172163340
-302260785
-429634521
1908742093
-1949884205
-2120581693
-1356932206
-1902843583
-832708004
178841888
-1797412445
123518817
964091047
-870044027
-203871229
750338865
-522419301
-1645000680
562524495
1524897152
-1045534679
306496221
-1824401450
-987318180
1862063792
-2142304437
1942547617
-1458693176
-48924766
1534334748
-1317488973
-1325547092
-379136408
1820513380
-480251247
-1271091956
450556547
1541219813
-1248787964
-1920626564
837238515
1340837025
1965790236
-1010372653
714257371
-658768209
-1358280328
-2108217058
-1550264731
-1322050734
15718597
1504418007
-287647005
353635399
1623422851
1726041431
-1094826698
714385501
1613007631
1918434696
-735401101
-1149719733
-1063655971
-342935842
1741586115
-1106766147
-165604092
762640007
829226634
-689827664
-1356430849
1780228576
1467333066
2062471935
-633901903
-238120405
1246249673
-238518212
-414514775
668837759
-1886586638
-2044988989
-1399844697
2044958463
-449442568
1610601228
-1451153569
-1542526898
1732911937
374447681
-1495722884
-1180445118
-1446233983
218975760
1931351783
57050839
120237220
1619908801
-904250040
962350693
-438724624
-437139318
637254092
-914263531
-77934998
-1061124830
591408681
1425284497
-902285959
446833299
1631204318
-672366598
-644132919
-1530607276
3187903
-907721697
-1435032718
11013014
1879795632
433510378
-706224552
-524829730
-1753627216
563820317
1287511252
1436883155
532319001
1521954110
-2023754093
486957657
351172901
-786349360
-510970434
-38655011
39963572
-2056402493
221535323
-3342350
901896011
1514847532
-852370446
517286173
536871775
-257071048
966468467
-1939754004
-1628199724
1438582878
120874838
-1475936692
-606044992
1823792851
1728858116
-182163428
-518004877
278095171
1977809525
-410781443
-528037957
2107873725
575199001
-991031445
-1392289181
1398576622
1457287932
-782209775
949001725
-1930238575
-504453340
-692505512
340224737
-69054426
2002070077
-56906944
1463801717
-471987743
-1701142408
190699379
-765025107
1306427365
-1186642513
707479447
-1214353707
-272419919
484152780
242916835
-2118343026
1114790362
618698603
1589161972
-445737451
-1463341062
-797463362
-991604767
1360197323
-1455735320
-1879437647
889918092
928570097
-230296023
-1899604402
809281339
1178398642
-1590597211
-1221281695
341283942
1040866150
1943667357
337696607
-1401590318
1519696916
-893748516
2133086083
1660016606
-264959431
-1190887124
-1096064711
1836903452
-966040633
-1751530997
-172008000
-1558785245
-408681616
1556105118
385399306
206219170
-1598167005
1218995430
-1765479450
-1530136904
-1747586858
-1517707215
-313887392
-1006931581
-1866370938
2088718546
1207419495
-1660115977
1120894587
1034216467
-1401963344
-1194343184
-1357347120
-1384317590
2085698010
-4197495
-1793597646
-1565661717
-511399981
1143436718
-591174681
-1596915970
-275932295
1865468911
1041326354
2126130257
-569105020
-908808553
-971158475
-1820890865
1974735266
-251508739
-1910500874
1553464402
-933334045
207634457
-2139554779
-447872811
1820076119
-572887719
542143485
267662317
1673930996
1327054517
825107625
497893305
1991433661
-1371720960
-646954486
-1183779688
1504037665
-703991423
1965684663
1747920347
1275151008
-598616126
315311173
-2047402565
-787482188
2100039847
1347732679
328064141
-1850299666
-1886615359
-1694616424
667719475
-1304681122
829838308
1147053399
801384661
-478646728
-1401530378
1402057522
-1892062255
144824499
261968138
-825935513
601468399
1828272180
806191788
-1773188344
-1748651047
-1794862933
-845043074
-165383170
-150667319
-1206261443
1937246211
964855375
911888260
-957209309
-578449990
-1088129117
336430470
-1659500847
302157678
-23588093
869167486
58048858
1757643212
1503036132
-2129187844
-1801602030
-1331323083
1926035300
-1498678936
1426156660
-580876843
-1768756014
-515774410
100624966
-745856268
-840968588
775200343
1590698491
1186168716
-1062588029
415697394
-1916614313
1129202202
653673594
1743907155
-1270711719
356252089
1065029263
394157603
-1554540460
1089439339
1814571905
945422297
-2097683618
1243755194
-2009092204
552935792
1991892462
-323530113
-446480423
1179860570
-727291712
876247809
-1121719629
-461323597
1496168700
-780097471
-1348959083
2023793338
-1947005802
228975507
91655440
-621316740
-2039168777
2066104176
-1989812212
1535182545
-1513312291
-764789622
419936085
-1426549620
-1373702529
1544285217
2125316185
336276205
923503348
-1717869675
-1320793553
-940649382
785990612
184440123
2093928411
-300904370
341259807
-1812995469
-1829870896
456541585
-1881436835
266533625
-1653753419
-1601100887
278217223
-1814372996
-1420105876
1242572688
1725452837
183668076
33750607
470398886
1147297847
-1400548840
1288446908
374246121
-2096112551
-8940809
1855903699
354897762
-547873887
104899909
-315263618
1793180642
-395771445
-263495983
1855270577
-2052507410
-1709104872
-2142469611
-345765646
-525226761
-542018446
-913614970
-1308385765
209450958
-23193644
420087853
-963599010
-345196202
593994472
-935293577
2137229450
1834418042
1637681649
1593199176
-458323572
1765201761
-89118486
770941269
-2003157961
1869037024
-1746576145
1577458866
2080987207
56763184
-430387236
325515946
792274851
30438880
647649843
-1774373938
1963201761
-1449432820
1577787203
-1695461808
1205870095
-602969649
-315209851
-1986358639
554381232
1949595637
-32473784
-1741523721
-1191990267
-947464715
228593553
1488210180
1946919565
1702249501
1883889468
1872292
-451314739
1589721871
622688870
-1231256891
100736339
-719005333
1295845902
428574764
-1372796424
1446082765
-1088162311
904521094
-2106768794
-861987335
744055511
1944372157
27060698
1367095381
1229581987
-1845674099
1405743913
1027892375
483807055
511266134
1265097223
-543938882
-1243957345
551454259
1229499527
-972435643
-892524972
2024026698
-517805859
1999830934
1758397325
189473893
-1385106581
-1335262787
-1502564246
937376450
1925409018
880371549
19655922
1104124198
-999304889
-401234970
2105817142
-297275337
-753306174
-1480616440
252350134
1728472587
-248881007
-199674782
427043586
1900999676
-164706342
1021366654
-859165532
274091453
-798660286
1666231041
-1632483011
-41179726
-671376976
-1584678882
-2144408595
-808852869
1905528149
-1318818996
-1674090760
-638707247
438541296
409033528
1047468965
1926915221
1965000014
1689192187
-196297623
-1983291354
-1951598064
-705877617
1819348293
-1018695438
1077537968
146362495
167691884
1383078479
2044948165
1539287518
2059107624
-531038325
-1500635514
-1271513735
-388253955
-161652159
-1646696308
1161168207
182094606
-132435474
1650368987
-56059583
1860138431
220463299
-1237762526
548954629
-499432805
-1048612420
1944430146
-1793292448
-626053000
1285420016
1633186572
-1082585708
-859851815
-1721016533
151523406
1486804502
-2105115758
1830176185
-1749087216
-587303037
-678585422
-1910894716
-559049189
744235221
-495451492
258421345
999617466
520223697
450468983
-177857626
625994692
-124665149
-1562130233
826711807
-1918406951
896367981
-1615788452
1675034241
-762118166
-222652100
-1304102550
1228595199
-50814721
1367462077
-855363591
-74726500
-235386828
-1767795122
263800959
418500513
-1307893500
1114633752
762535626
324863376
-151052855
-146529476
1843651363
-1577831303
1801166211
1156523084
1302347696
667958411
1262758359
-2085727492
1745743898
1844410349
-1128623781
-90594535
-385486993
-524919602
1399972368
-147135303
-1650024376
-1995461446
-2022176721
219837875
-1717988562
-1215314641
-300673752
-270461359
-1434136775
572777840
-1919716633
-1200237244
-994737927
1947172248
-6256808
-1871034665
-1668533350
-1048126735
1449233453
-688489625
-1911490494
1163380102
-146366754
-1473681134
966270909
1829102326
928664817
277462190
801532508
-1211501941
1482170491
323896829
583914009
-599771510
939585766
2123658014
883577599
679714508
1012726771
1840156485
-1531423288
372803725
-1273492734
1821030574
-1200316217
-1595725949
1914972305
-1195458098
-842009848
1846733874
328444418
-590057012
-8475211
900561790
1449365920
1278531631
927936443
-633795711
-1409577757
550021079
1847052204
514800030
-1028058381
1112460593
-965255194
241085910
-483432598
566866853
632441077
-1124917415
2015266142
-1804145069
-1901672907
-1776251296
-138463587
-255051777
1416315068
-1360541895
975362874
1211104841
-421378954
1798800035
1732879688
-791483359
-1850823792
-485574821
1752845541
1601382265
-1212900326
662302966
-946700166
942224955
2029665255
1393475569
1152881984
-1159086468
8732343
2463494
188955653
862361074
302035607
-1304188480
977288751
-1079192413
-1782010232
757833809
-1752725759
746905311
2075117407
-467323741
1858993436
1567922800
598503147
1014566060
1140322377
1469268751
-1109745316
-2145425914
-1710284939
90280472
-1826585374
376792766
1518639868
-305123967
-1685397612
28714859
-1556609238
1019843080
157321107
640797314
-246283523
-281809749
-1103482513
-2062666519
-879249616
-1162700963
-597802808
755121097
-2068197004
1505111286
-1737064648
422927272
1031892992
1776642154
11525488
-964997962
-1948139188
-1529330883
-323837280
-1027340186
-1357030376
1019348790
-1478250980
-2029120448
-560294990
-683784366
-79319236
1118971381
1760709753
2067788795
5994371
-323193677
662246556
-1151271303
-119878910
-1770435654
1748665639
381960105
1242649342
245346863
1230712640
-1885170197
-1798072624
-270648272
-2057987667
-1699254688
-1108861172
356210984
-1815407976
223358293
90121957
-1812221085
2129222038
-2080036359
392789968
181826788
-571316763
-916836010
1162316646
-1435990666
-1971073803
619693182
-351047794
-2141907456
604998953
-1060272636
-306714406
-2037183203
-1815068450
-1109292370
1435983665
-666097428
262077867
1515684200
1551704239
1588324899
-1548655638
522577530
-89332024
-951477142
-425024905
1163834877
-1518138957
-1262874650
13791927
-88845941
-1134950907
-1114974189
-1158590244
1719307573
613431451
-273538090
2072081510
142022585
231929021
2073789138
1440238828
1884533236
1652709503
-1012192262
-18577637
1119349141
1196655466
144087398
1247337983
-550024429
1737298780
294292842
-237224831
-878952736
-359396436
-1643916059
-899943632
-857274914
-2109896047
-675194154
707069507
2145093906
1505489091
-494182092
1496700894
2037379223
21258082
-1493896451
881439380
-702990892
485732375
-101063793
959707181
1964123377
1548241785
-827527369
2100885672
1837924742
1962443185
-2041655033
2121184643
243483285
-834451105
526410220
1938822457
-1713366598
-1554806593
-1295051521
89213707
135641504
1915505927
-1334024933
485259011
1299419063
51811348
-950663249
663339573
-1651579613
-1997566908
-1841432364
-1437172921
-26699017
-952078683
-1889618783
-296552652
-1816791646
-1376299186
-1267125826
-1927857588
-2044318807
-164970483
360673591
-1387614850
1642441622
1707573570
-1800947822
915104729
-2042933969
61046026
-783170781
1699066960
-2060787221
-1603446625
1993905053
667233213
-1865688927
1033103357
1795200748
181672744
-1279661950
2143694793
106647362
902776392
770766665
425140590
-1527331216
-798525879
-154882384
-270633591
1010852470
-274533169
-625511131
1377978502
-781717667
-531811526
-1476674114
1709923723
1393095235
-484236757
1235608425
-1289737324
1991088566
-2031157945
-280755353
1755388126
1612701509
380538682
2146732794
1512212617
1790094932
-1442106881
-1536463780
1525128824
-453630928
1830489949
-438227213
973790587
-1159250590
-1915263564
1743146691
1613759408
1255965768
-768879367
63479588
-1504917211
729191648
1430190078
1558160564
401368258
-973829657
-36385290
1894783630
-1154745498
-172382430
1588574264
774248123
1542217039
-1932339974
1423773763
1814594024
-2003323458
-1289764530
-1691969022
-289417639
597692634
-1414743675
-307079600
-1313514979
-3810348
252154337
1097759165
-164673405
746832715
-81056229
142576530
1696702156
-974154766
-280854741
-876416750
263356449
238420336
-331543962
1507354882
1357669575
953251719
1077693902
38353771
856131728
-285582985
-343763547
1603019166
1362578580
600920996
1996560195
-250533255
-2072018911
598385526
405562665
-1754194201
2044773615
-554993280
681283669
210774700
-1989508456
-1537680924
-345535785
-667169438
1806966086
-758538508
-880435293
1942509502
1428579245
1696825885
917574569
1018329367
1469671484
-1482338560
-718978014
864919849
-228968050
1358865633
-1867852243
164641301
1643064870
-1227363772
-359674982
-1432682836
1932048219
-629975339
-515141372
-1196887828
1937239953
-1321584760
-921872092
-1301695286
-496805975
-728248064
1065638244
-719301839
142964666
-826964940
-535381070
-50550454
-955754752
-1933436592
-1145742953
-1295644674
978059028
1168659672
1405588615
739362744
177569373
-340313325
59498362
292082799
294067654
989898150
1140772283
-2106886685
-637944399
-1151791234
86227711
-1422731226
752520746
-701646093
-1045995336
-1272702883
-2010147233
202675754
-662311765
1314970055
-392642736
-1505001030
-790401856
1195222782
-1865787966
462609809
1071555608
-1796824195
-2133248136
271155224
873700708
702501218
-1744822363
208567189
298612
-2070777997
436782748
252663249
-2131435250
-1611451546
-1392850743
888116730
741045505
1652647004
928876772
744541386
776892280
1846942126
578388322
-921666841
1088170899
-856219156
-371672785
881031565
-571858893
873158178
151867290
709675369
-1819554027
-1091936931
-306162799
-643306552
600903970
1025942637
-1250272755
905783793
762074116
2027458027
-4552753
660106958
1896258812
-1453449603
-989330868
-2126407983
-1588566798
1790093656
-302711835
1676630548
-1791254067
-1242152698
-1060516006
-1883491134
-843280124
586477673
1291968128
-1084821067
-2144069771
419037183
-668260302
-1197556896
-981480843
-147076250
1129630085
-122366225
-1999047129
-688854237
709353023
-1681101396
1248670993
-1830308194
-1853262712
-152893276
-2060423956
-1232772496
-1126463519
-1089297782
1594967227
-660455711
-656525482
702051290
1807116318
2047662764
-1898861841
700046657
1971071975
-1948905980
613178475
1835209787
198141933
1394880987
734050096
-1695451650
-1434740192
124520289
-437763204
265659542
-1471174947
-1731062838
-992358175
1171771984
1306380931
-547392428
-428649489
-1853169828
-464482234
-1528729976
454519602
-736023123
-1315446206
-1426374465
776585054
-1402974428
2144241363
-513411353
1974776521
-828444180
-622223581
1574061959
-2137648104
881504039
-691471612
2073869567
2000144445
1898553290
970479103
-2050707692
-621502560
1852169156
-220278356
-442838868
-493303140
1571768165
-56934077
2091144661
1475387692
-2027793667
1151408755
1283192331
1229959653
-1737977661
-304930958
474631866
-268088281
-126728967
-954853804
1828940289
710080911
-1250536372
229056928
-869306952
-674456913
-1046989696
1697025568
-1126123852
1095834369
644465484
1059138041
-807803831
-1522143208
-1971771518
-168855302
-1291151345
-1532045289
611917939
1952668216
-1783501335
-111244441
-141269104
171045594
367128643
-669755996
-899479468
-1114574288
1712295066
640010711
-1341992351
307987210
-1710306239
680723946
-1891481111
2139389511
982734177
760691032
-656426417
434156204
-917931968
2125357859
2043957005
-525511178
-1239659322
2116320011
331175639
1910764337
478258237
1372682748
301208833
732850762
770495320
208205255
1611056413
711120099
1897240694
-1879358443
1280029928
-2137496474
1959830055
-1229891433
-1720608667
644058460
-2062845458
464245378
1786674250
-1361505281
-1588209848
1942023482
-1344210277
-321073651
-226582803
-111392691
273520021
2067410398
1483412053
1803467426
526146764
357690040
917697405
1695261937
-1669775209
-427206046
1039442154
-227248267
-1594116181
1415401463
-1384092178
-810918176
710974213
1120113659
220904233
1514753167
-2014618611
-1180481101
235443026
862899711
2141321464
98424240
-2100113353
-1394448514
-1075227795
-1511581267
-504886270
1163683365
-1891775125
1384454554
-1280974147
-1290576635
-320974743
1564237304
-1537849321
-913849953
704520894
544188263
-1586104985
453532569
-1116459197
-561068164
-1293601807
-1226736721
-366697674
-954617128
-505116824
768880103
483133025
-688250763
-36504396
-426648824
1721839994
1862748739
-239329035
1187777868
-1850358067
481075955
1914692806
-1037087660
1079185688
-1763338991
1614737349
714818651
-1005884235
441294680
1809459283
-1017533266
-1441358082
1797612097
1442608024
1865982299
-753811476
-115182883
458355145
-1635490776
-1566467583
669583076
452999853
1629993159
-503274393
627822092
-1406706084
-1577496505
896531289
509578399
678145610
900724684
34929346
-38450361
694456963
694058626
-1102880989
1072115756
30207799
-453802290
1808666809
454120768
-1911169415
88651462
1492581598
1116811225
-1966816701
-1173357597
-885481041
-1518641793
772928189
1571083765
1571434478
-1948194297
-842167106
-2102207146
1030317866
-1797627168
-1494997870
-452855710
126062621
266357676
825581821
1254880294
2139699540
-1805793262
-720715136
705066070
713988629
1004768978
-409134374
-1136169340
-1173045380
2066643481
-570722095
1939448975
729147367
-711571179
26119218
-1913007527
1160884371
-223451444
1000326677
-611548484
1109129607
1881917993
-436487835
-400048195
-1120164944
-272612521
-633634914
1254822402
1851034957
-1160983982
532227544
1213432705
-1058377588
433169083
-974166523
-1855940230
1816168565
1956407531
1581592694
960133542
-1129046009
396450889
-1723217501
332967600
1678667680
1139702496
1080983595
657211364
961309857
-17022421
-627622119
1858539558
119631697
126429491
-5537688
-1272596444
1029952257
-773183525
-1176149047
8409039
1256256625
2047598458
1530195362
844749574
1963471474
151337130
770290266
-2142417516
-139275060
685083231
842363347
1460820572
-79102623
-1477075397
1111385911
-1448902190
-790493294
-788257249
346050808
-888007763
-721356319
1045133061
-2052623087
-1993599014
812903894
778542348
-1300159087
-119319885
1709675047
-2077156140
-346977959
681826416
-1876022510
696382987
2044112163
1555817437
1800123661
-139478200
507322567
769516621
-1622209118
451859223
-481647431
-1528760626
1377453715
-58706348
977775574
-2139930979
851085124
-1949548612
-430394017
615829724
269623386
-2052955968
444908357
820586370
-1818380898
1946079132
-843681626
2010664850
38248999
1026851496
-254186345
-1420278129
1858796216
2020281582
755916068
-1240843474
-1252404634
1950691324
-1492423020
-1226922675
-313481858
343815930
157291248
1135503652
-436531548
-510038274
-1648970298
-496600647
1292642879
-341815138
1570203690
505851545
2058308628
1537289926
-1176844035
-963919676
-1506022607
-1201045812
86814065
2120721128
-1310595060
1192496577
1441942988
-206919470
1766953194
1890891529
-1092617621
-814534111
1102383237
1760587822
-1748591351
2053164092
-2037976344
1055505904
1776388673
1101201285
-1322480482
668395168
-529438896
-1140114482
519540747
-501713491
-671537120
-1226008565
-996766440
234611839
-2009175679
-1744086711
356554518
-541098877
-1887523911
1602843871
1901292763
-1976973690
-597741250
433881570
-773226703
-1286071481
-1607105087
564973021
1868527985
-2087900858
1621291374
-2092660543
370618474
-788429854
1046305906
-768525286
692067206
1363513250
-1415289155
-316079741
-984892369
-505061422
797554696
1466444892
2100729710
200563025
-803222503
-1059890503
624207317
439332521
890421061
175448477
2094685599
-54261408
711122742
-89274265
818526997
-374082419
-2010053650
249481100
444394290
581033133
-1794575093
2126708358
1111391369
-1852196681
739663692
-482355957
2113485414
1671671917
2088050259
-963986558
-2054678989
1521112052
1385553580
557956786
-1932475619
97794214
79453198
-691199300
1534715895
1092226855
1345109983
1045117259
196610910
2011137718
2045895677
-1146689783
330997276
-337210939
-1535214149
562859092
-1577793583
1197072330
-1895336663
-1074248399
705944016
-1356554153
1821764760
-1890339712
-248542138
1603986280
-2085372836
885575281
-2116130399
701967099
746415827
-1127066058
-426046418
1365705190
638634150
-462814471
-259190268
-920015900
1040189774
-624984048
1687350048
1893810928
-924545062
1013103727
-963123759
472372694
1520828398
142556510
1712594262
209673222
-1278901490
-798136213
-330682683
1816957611
-1489116644
-323356511
-944711635
-587589893
1183658783
403903225
-1774918146
-2138943024
1602559813
596487696
-203287895
326371447
97191210
799883546
-1958232957
-915495224
-1061061798
-842863082
-891775506
407934582
170456852
-187131070
1959965626
1998796712
442342225
-810569775
1076862408
578113224
-655068156
228747227
-1225636368
562953113
-69557854
-1179520107
1394805028
1273990543
-2143471389
1224398273
-567796011
-1102919334
1336466122
-412338841
942348949
-1372032061
-314816285
1312167621
-987601923
-1753729604
-759596597
506310531
-987772720
1569795505
-671813131
-1062843861
871599456
-648953308
-1059363670
-701469481
1933942576
-802059912
1262608721
-744999125
-532886054
332487436
-1103818512
1704405893
-1796854221
1531108747
-994031630
-901982349
1678576556
-1056299391
-26382294
2002063205
-1370092550
-186564814
608898839
105492899
-143234823
2020516518
1784015977
-1821825920
1015702733
1469909256
653794500
391775183
1998347338
-111930319
220689603
18330006
-1784669291
-113856130
-171333569
-1269121535
-2009310965
-1610267415
1654954448
-150250855
-101287327
59699543
1686478483
-1484043083
2029193227
704549422
934459949
-527953104
1589605089
-1543161302
-647686384
2094871388
-775942144
-416461967
-1355006211
2048516405
-181965074
-1833009948
2056116169
834434777
1804234241
-1756602185
-1519523741
-1419153609
-210325248
-1467072445
713550356
1015732231
1135042058
1001939226
463546889
1327525625
-1345436490
-1216608421
287391502
22535728
900060027
391432520
-1887070308
-1928868879
-1369276590
-1625356267
-361667563
815772055
954237337
-279141886
542859597
97103306
-548073414
-1018547797
435111756
-1675966992
-1105693684
1631088286
760275025
-754890014
-359620231
-1597865170
-1949627366
-991406877
1335506784
-894211194
-1470811294
1233291981
306710587
955888128
-1023545429
-979523444
-1531997820
-752214857
-1326322883
2130933968
-419756716
1929846874
247610733
1107572222
-278934963
495725635
721274658
-812546457
-1037920838
1566122951
-966437995
-1248819269
1237353460
206280911
-314932905
41721279
-1092168953
1893243815
-1767524456
-790890435
-833018988
-913099754
-735073371
966919228
-1300208648
-1820797010
1611610802
-1783939983
358271405
-144805532
2111085529
-1992225547
2015853808
-1653748126
-502845854
-2008302025
-2035361116
-2075360229
-1294243772
-238838989
-1095602058
-1853709408
1920641260
-1672362269
790501184
591973937
-1968245700
2015655158
1749405618
-1907720425
1314970070
2046917055
-1928182481
-849174864
662047897
1155360112
1991777012
-1155157301
-1551667605
1491902087
397698943
-2039594954
2142082105
75968391
1904935469
425013652
1346307643
-208716821
426346277
1447647091
187416700
1083527255
748434805
781604252
2049816473
116720144
-722465927
165450157
1369335240
165122478
-655374973
-201263387
-1997691876
1756464400
-761290056
-667638978
1222005766
430664847
1396053048
1361170881
-965370594
-55228555
-1584547199
2035062293
695321379
-2113455184
-1242606316
-1333052072
-492185536
-1144417086
1318619225
-1788647375
-524824688
533282299
1330552255
-397004251
-601705500
-1967313942
1369088551
-1258882518
-1900607805
1173645584
1027507842
-967991175
1549241265
-645154345
-1219942728
46026152
-1879505996
-2084238398
472472267
213784311
1772068115
-519429148
-595691972
1111299049
1784486753
-87605098
1734793645
-1843152618
1840970681
-589192605
636713671
1456114751
-1796466358
1968779335
1685161565
-2093972061
-204106219
-823940327
-1112964911
-1742359920
2058816501
1363354692
-1270511434
2078600508
758532575
805350333
-2054774857
-84886059
1225990507
1565485360
-259318346
1236580565
1074530451
1919652988
484880951
-995234149
298095545
-66322078
208574463
-1376632777
-1609888786
1605644920
220389112
471313797
-1981110927
958408547
-1958219689
1694101628
885791349
753031748
-279858944
1206778311
918466086
31432818
24372776
198714005
-568337426
-1780751766
-1547583428
-678221907
695744243
1560665859
-1107251199
996360644
-87540252
1889496549
-2114917893
1108471570
-2081937675
1354954043
-300925933
1426342434
-230037465
-266467673
-1107158669
-1050228247
-543359028
562321270
85065908
178743066
1724367178
1035831316
519282747
1361486520
1503799838
-1222414654
-1221174049
-1601218068
-1608875228
667801989
-2028462385
-1059269864
1965838868
1097071457
1572702387
1157926955
-174694577
1652226247
-1097597680
-1145408970
1069863900
-1477687477
788796912
-1625619905
2016457644
1074123929
1709273793
-2140081323
566638629
-316594007
1315897469
-486002204
-487076131
-733087950
-191029237
-984476598
-1908686682
1854919771
1519996644
1338212522
-468794166
787873976
790443514
-300999681
1433797783
-657489804
-899333420
-152381837
614421277
-1230179895
-1953157379
1236363504
-1243177675
-1207642440
466819487
354785271
309581254
-1218034186
-1782048918
-2002366543
1729421891
-915327195
-1849729863
243264835
1378569079
-460661181
2123064823
-67614362
-1027754364
-1783117209
-1392065
1467504693
-315004376
-412304471
-1432591294
2014278217
-529505214
1724015714
-286417555
817470210
-1021000812
294095253
1116350283
-426551257
-264599094
1601189548
871948071
549121713
-2118846021
-245893018
2075531253
-1404561181
1630868974
1450726159
-226056591
-2084533858
1812136798
-673978382
-1867707512
151048434
1761891457
422182412
-530816777
1609987576
-2070052730
1405968897
626715698
-2130617890
1369246430
-436940461
-1904182394
-392185790
1127423742
1204446417
567996801
812210372
-1964989342
1105374797
1812308625
-1064057386
-629862700
-2045018735
-454661910
-1568498475
-572363026
-949124974
835556013
428100445
925075164
-834981146
220466758
1745669592
1206380390
811257971
1755674901
1120224088
1299601709
-1648345240
-19270576
820013734
-210364876
-1484315279
-983702490
395402395
-28076126
-2039702490
-1178338008
-1635575891
2113797061
1657485507
683688932
33861836
-637122470
-1574741218
-1995382062
1585921390
955911435
-1603995691
730069620
-179844376
1248275000
1288655302
-1782067272
1557198592
1569636345
1720604355
1084554400
-693830209
984189283
-2088463482
1779992356
119165066
973088778
-819203358
-1564605866
1250036339
658383815
661044283
39329223
-1403988532
948871867
1019053368
1934116649
-1082648835
-1669456493
-367129930
514605621
-72978281
1066177549
-1862654721
-1394418993
-553388888
-1894775367
-656061637
648484198
-2005952688
1388262148
1623349798
-872185439
1082701460
-1522996622
1383764483
374706999
19450738
-1906547158
743571408
1538467102
1486788660
2089516471
-1283668550
-1702720793
2034067465
-1942507508
-707004718
-432548760
602420176
866601417
738195969
-1204803685
-1100365769
66071484
-335960007
600724677
-102233852
66713001
6461933
428476634
869436850
-13526707
-526886974
-1546304993
1234195263
-2085316192
-290626938
1624369937
371961668
1264220763
-263305631
-1760837755
-1098436539
1013392313
-1861735095
-1341595632
1569208138
-367444352
1363256507
-742017112
1935218350
-1628189630
1561168551
-363391094
-1431451082
584220640
1007375787
-1489523362
1645452389
30186063
1325870212
309606297
-821736179
2128760734
-2076213055
-1992549341
973245737
1118631991
1734156472
-1886239431
-2021465110
1795854948
-1048185666
1379166355
512315663
-650029035
-540943471
277683401
-199278471
1889561824
2104252953
619143409
-1739414786
-1536235448
1692734032
996178573
784089213
-112541631
1968977277
-662745692
793810737
-2144512013
-1330158169
1428591406
630119498
1482929854
-1017202104
1359581620
-1186532935
-1104893058
-1735861183
-1792984008
-2039978677
1699700751
-1416073970
-551953583
1708772601
-276750061
25963834
-477125478
427365501
1247370738
-542730731
1903354957
-161837016
179250466
898161315
1532140842
1667623154
1273733287
1145603030
500613789
1556952530
-604940579
-1060758528
60911903
-942942640
875574133
-1459708542
1214302427
853533272
-603808580
1501075657
-581874027
-1366670513
-1083172573
1820935547
2064316103
382650987
-63551237
1346171628
-1921958132
1601099839
-574539649
-1133409322
-784270910
24013205
-1278718441
-1335287479
-1522749463
1629265279
-556443429
-117067552
-1247625903
366348464
-1638956203
-2042717643
-978941196
692611591
-1526976885
-898402410
-1839690848
1080333420
1199831355
-1203286536
-1560355111
-710630945
-861243544
-1628813269
-23413252
941212622
1422614037
-2140704433
997529511
1981170854
1310205776
-1662049658
-431030952
444436139
423457393
-663873558
1769523028
705514508
2127013027
-1874042687
584913609
-409996239
-988639837
489594607
1497038390
-199599528
-2130176824
-79214165
-23246838
-1736765089
-844221886
-1033050251
1322398603
-1340360478
532986022
1090876231
646076409
1761707912
-541609303
824598794
-1732067854
161195674
-852272853
-783551157
-1612648680
820196053
-1460476553
-788405202
-2131895312
-1455819136
-80493623
1493330850
1920384013
1471295679
197847567
-856662826
-1943450515
289078825
1282561780
1042532587
-653062110
47330968
-624886503
1514685674
1593931572
-896150463
765435557
419887351
-175960123
-1701038077
238116095
686157510
745022838
-1793335549
1045364954
1881756494
916681481
-1461691016
-2095038863
706387901
-1454257593
1184084675
-1857127917
-1226515029
-642132444
1614826178
-1241460510
192182929
511925024
-438222747
881420759
1924947580
846698991
-786713216
-1733799160
-1716962819
1477621852
1486181346
-1597477075
1982283619
-1354214295
-301380697
-1763756192
-1087522005
-530864709
-1434557750
-1444915933
1392983991
-506605260
118876670
423778471
-112961474
711676641
-1877693763
1210191691
-2110654716
766222871
1346642592
1516650082
-309587254
237269976
1172021233
471713337
1085810566
570703738
1560679294
778989911
1096453719
1050536330
1477618607
-569707514
-824909646
-330712851
933989595
1904926738
-211100959
830339656
793721558
40341712
-1884393042
-985401951
-520190002
772625249
1068175195
1146362438
2010782807